n_ests conf pow old_time paviz_time
64 A 115 0.78996 0.78996
64 A 110 0.79037 0.79037
64 A 105 0.7901 0.78926
64 A 100 0.78937 0.78937
64 A 95 0.80352 0.78937
64 A 90 0.82214 0.78937
64 A 85 0.83696 0.78937
64 A 80 0.86013 0.78937
64 A 75 0.88721 0.78937
64 A 70 0.9316 0.78937
64 A 65 0.99792 0.86001
64 A 64 1.0127 1.0127
64 B 115 0.072157 0.072157
64 B 110 0.072194 0.072194
64 B 105 0.07217 0.07214
64 B 100 0.072103 0.072103
64 B 95 0.073396 0.073391
64 B 90 0.075096 0.075091
64 B 85 0.07645 0.076445
64 B 80 0.078567 0.078562
64 B 75 0.08104 0.081034
64 B 70 0.085094 0.085089
64 B 65 0.091152 0.091147
64 B 64 0.092507 0.092507
64 C 115 0.36361 0.36361
64 C 110 0.3638 0.3638
64 C 105 0.36368 0.36329
64 C 100 0.36334 0.36334
64 C 95 0.36985 0.36334
64 C 90 0.37842 0.36334
64 C 85 0.38524 0.36334
64 C 80 0.39591 0.36334
64 C 75 0.40837 0.36334
64 C 70 0.4288 0.36334
64 C 65 0.45933 0.3964
64 C 64 0.46616 0.46616
64 D 115 0.073548 0.073548
64 D 110 0.073586 0.073586
64 D 105 0.073561 0.073533
64 D 100 0.073493 0.073493
64 D 95 0.07481 0.074808
64 D 90 0.076543 0.076541
64 D 85 0.077923 0.077921
64 D 80 0.080081 0.080079
64 D 75 0.082602 0.082599
64 D 70 0.086734 0.086732
64 D 65 0.09291 0.092907
64 D 64 0.09429 0.09429
