n_ests conf pow old_time paviz_time
8 A 115 1.4224 1.4224
8 A 110 1.4231 1.4231
8 A 105 1.4226 1.4211
8 A 100 1.4213 1.4213
8 A 95 1.4468 1.4213
8 A 90 1.4803 1.4213
8 A 85 1.507 1.4213
8 A 80 1.5487 1.4352
8 A 75 1.5975 1.494
8 A 70 1.6774 1.5741
8 A 65 1.7968 1.7706
8 A 64 1.8235 1.8235
8 B 115 0.13736 0.13736
8 B 110 0.13743 0.13743
8 B 105 0.13739 0.13724
8 B 100 0.13726 0.13726
8 B 95 0.13972 0.13957
8 B 90 0.14295 0.1428
8 B 85 0.14553 0.14538
8 B 80 0.14956 0.1494
8 B 75 0.15427 0.1541
8 B 70 0.16199 0.16181
8 B 65 0.17352 0.17333
8 B 64 0.1761 0.1761
8 C 115 0.64471 0.64471
8 C 110 0.64505 0.64505
8 C 105 0.64483 0.64414
8 C 100 0.64423 0.64423
8 C 95 0.65578 0.64423
8 C 90 0.67097 0.64423
8 C 85 0.68307 0.64423
8 C 80 0.70198 0.65075
8 C 75 0.72408 0.67736
8 C 70 0.7603 0.71451
8 C 65 0.81443 0.80279
8 C 64 0.82653 0.82653
8 D 115 0.15942 0.15942
8 D 110 0.1595 0.1595
8 D 105 0.15945 0.15927
8 D 100 0.1593 0.1593
8 D 95 0.16215 0.16198
8 D 90 0.16591 0.16574
8 D 85 0.1689 0.16872
8 D 80 0.17358 0.1734
8 D 75 0.17904 0.17885
8 D 70 0.188 0.1878
8 D 65 0.20138 0.20117
8 D 64 0.20438 0.20438
